Epoch: 0001
Batch nodes: [11, 3, 0, 28, 30, 15, 14, 24, 36, 12, 23, 2, 32, 10, 25, 8, 29, 21, 9, 20, 37, 35, 31, 26, 38, 6, 4, 5, 22, 18, 27, 1, 17, 16, 33, 19, 34, 13, 7]
Iter:0000train_loss=0.07853
Epoch: 0002
Batch nodes: [16, 17, 5, 34, 13, 25, 31, 33, 24, 22, 29, 0, 26, 38, 19, 37, 28, 11, 20, 32, 35, 1, 10, 23, 30, 8, 21, 18, 36, 9, 2, 12, 14, 6, 7, 4, 15, 3, 27]
Iter:0000train_loss=0.06165
Epoch: 0003
Batch nodes: [3, 10, 5, 24, 6, 38, 31, 25, 0, 36, 28, 26, 35, 37, 13, 7, 14, 4, 15, 33, 21, 23, 8, 27, 30, 29, 22, 12, 19, 2, 9, 16, 20, 32, 34, 17, 1, 18, 11]
Iter:0000train_loss=0.04774
Epoch: 0004
Batch nodes: [32, 10, 9, 16, 25, 18, 11, 5, 24, 29, 20, 28, 38, 3, 12, 34, 22, 17, 21, 6, 4, 19, 27, 23, 0, 36, 7, 26, 13, 1, 37, 31, 33, 35, 14, 8, 30, 15, 2]
Iter:0000train_loss=0.03711
Epoch: 0005
Batch nodes: [5, 24, 19, 12, 37, 9, 27, 16, 26, 8, 10, 17, 35, 2, 32, 34, 23, 14, 13, 11, 21, 30, 4, 3, 0, 6, 28, 22, 1, 33, 18, 29, 31, 7, 20, 36, 25, 38, 15]
Iter:0000train_loss=0.02905
Epoch: 0006
Batch nodes: [37, 11, 13, 34, 29, 22, 5, 8, 24, 27, 32, 18, 6, 10, 30, 20, 7, 12, 4, 33, 9, 31, 15, 3, 1, 0, 2, 16, 36, 21, 14, 26, 23, 35, 19, 38, 17, 25, 28]
Iter:0000train_loss=0.02571
Epoch: 0007
Batch nodes: [13, 38, 2, 34, 26, 7, 11, 0, 22, 8, 1, 20, 30, 36, 33, 19, 4, 29, 16, 25, 15, 14, 24, 12, 17, 5, 37, 10, 32, 23, 31, 21, 9, 35, 27, 28, 18, 3, 6]
Iter:0000train_loss=0.02663
Epoch: 0008
Batch nodes: [0, 35, 12, 21, 27, 1, 7, 19, 18, 33, 14, 9, 17, 24, 29, 6, 4, 37, 28, 22, 10, 31, 2, 13, 34, 3, 38, 25, 20, 15, 23, 11, 26, 16, 8, 32, 30, 36, 5]
Iter:0000train_loss=0.02732
Epoch: 0009
Batch nodes: [6, 1, 31, 23, 18, 36, 38, 27, 0, 20, 15, 26, 4, 5, 17, 22, 19, 14, 24, 10, 9, 13, 33, 29, 25, 21, 12, 16, 37, 35, 8, 30, 28, 2, 3, 11, 7, 34, 32]
Iter:0000train_loss=0.02693
Epoch: 0010
Batch nodes: [1, 15, 0, 4, 21, 32, 6, 2, 5, 28, 25, 3, 35, 26, 34, 10, 23, 13, 17, 29, 11, 31, 27, 33, 22, 36, 8, 18, 20, 7, 38, 16, 37, 19, 24, 12, 9, 30, 14]
Iter:0000train_loss=0.02495
