Epoch: 0001
Batch nodes: [11, 3, 0, 28, 30, 15, 14, 24, 36, 12, 23, 2, 32, 10, 25, 8, 29, 21, 9, 20, 37, 35, 31, 26, 38, 6, 4, 5, 22, 18, 27, 1, 17, 16, 33, 19, 34, 13, 7]
Iter:0000train_loss=0.07853
Epoch: 0002
Batch nodes: [16, 17, 5, 34, 13, 25, 31, 33, 24, 22, 29, 0, 26, 38, 19, 37, 28, 11, 20, 32, 35, 1, 10, 23, 30, 8, 21, 18, 36, 9, 2, 12, 14, 6, 7, 4, 15, 3, 27]
Iter:0000train_loss=0.06165
Epoch: 0003
Batch nodes: [3, 10, 5, 24, 6, 38, 31, 25, 0, 36, 28, 26, 35, 37, 13, 7, 14, 4, 15, 33, 21, 23, 8, 27, 30, 29, 22, 12, 19, 2, 9, 16, 20, 32, 34, 17, 1, 18, 11]
Iter:0000train_loss=0.04774
Epoch: 0004
Batch nodes: [32, 10, 9, 16, 25, 18, 11, 5, 24, 29, 20, 28, 38, 3, 12, 34, 22, 17, 21, 6, 4, 19, 27, 23, 0, 36, 7, 26, 13, 1, 37, 31, 33, 35, 14, 8, 30, 15, 2]
Iter:0000train_loss=0.03711
Epoch: 0005
Batch nodes: [5, 24, 19, 12, 37, 9, 27, 16, 26, 8, 10, 17, 35, 2, 32, 34, 23, 14, 13, 11, 21, 30, 4, 3, 0, 6, 28, 22, 1, 33, 18, 29, 31, 7, 20, 36, 25, 38, 15]
Iter:0000train_loss=0.02905
Epoch: 0006
Batch nodes: [37, 11, 13, 34, 29, 22, 5, 8, 24, 27, 32, 18, 6, 10, 30, 20, 7, 12, 4, 33, 9, 31, 15, 3, 1, 0, 2, 16, 36, 21, 14, 26, 23, 35, 19, 38, 17, 25, 28]
Iter:0000train_loss=0.02571
Epoch: 0007
Batch nodes: [13, 38, 2, 34, 26, 7, 11, 0, 22, 8, 1, 20, 30, 36, 33, 19, 4, 29, 16, 25, 15, 14, 24, 12, 17, 5, 37, 10, 32, 23, 31, 21, 9, 35, 27, 28, 18, 3, 6]
Iter:0000train_loss=0.02663
Epoch: 0008
Batch nodes: [0, 35, 12, 21, 27, 1, 7, 19, 18, 33, 14, 9, 17, 24, 29, 6, 4, 37, 28, 22, 10, 31, 2, 13, 34, 3, 38, 25, 20, 15, 23, 11, 26, 16, 8, 32, 30, 36, 5]
Iter:0000train_loss=0.02732
Epoch: 0009
Batch nodes: [6, 1, 31, 23, 18, 36, 38, 27, 0, 20, 15, 26, 4, 5, 17, 22, 19, 14, 24, 10, 9, 13, 33, 29, 25, 21, 12, 16, 37, 35, 8, 30, 28, 2, 3, 11, 7, 34, 32]
Iter:0000train_loss=0.02693
Epoch: 0010
Batch nodes: [1, 15, 0, 4, 21, 32, 6, 2, 5, 28, 25, 3, 35, 26, 34, 10, 23, 13, 17, 29, 11, 31, 27, 33, 22, 36, 8, 18, 20, 7, 38, 16, 37, 19, 24, 12, 9, 30, 14]
Iter:0000train_loss=0.02495
Epoch: 0011
Batch nodes: [1, 24, 17, 7, 10, 0, 16, 26, 36, 35, 12, 23, 20, 2, 25, 5, 9, 33, 21, 29, 31, 15, 28, 3, 34, 14, 8, 18, 30, 19, 32, 38, 27, 4, 37, 11, 13, 6, 22]
Iter:0000train_loss=0.02218
Epoch: 0012
Batch nodes: [36, 6, 8, 26, 0, 4, 38, 1, 11, 18, 29, 34, 20, 35, 10, 2, 30, 23, 7, 27, 15, 16, 13, 12, 28, 33, 19, 24, 14, 3, 32, 9, 25, 21, 5, 22, 17, 37, 31]
Iter:0000train_loss=0.02165
Epoch: 0013
Batch nodes: [10, 26, 11, 29, 13, 5, 19, 12, 36, 23, 8, 2, 9, 31, 30, 32, 3, 35, 16, 24, 33, 6, 17, 21, 4, 20, 38, 0, 22, 28, 1, 37, 14, 25, 27, 34, 15, 18, 7]
Iter:0000train_loss=0.02232
Epoch: 0014
Batch nodes: [28, 4, 18, 19, 9, 20, 22, 3, 10, 1, 37, 27, 26, 16, 30, 24, 33, 29, 36, 7, 2, 23, 17, 8, 25, 31, 32, 11, 0, 14, 6, 12, 38, 35, 15, 21, 5, 34, 13]
Iter:0000train_loss=0.02212
Epoch: 0015
Batch nodes: [9, 22, 28, 16, 3, 0, 13, 21, 27, 26, 7, 14, 32, 24, 30, 11, 25, 5, 20, 36, 2, 38, 10, 37, 18, 4, 15, 31, 23, 33, 17, 35, 12, 29, 6, 8, 1, 34, 19]
Iter:0000train_loss=0.02107
Epoch: 0016
Batch nodes: [26, 34, 3, 14, 11, 2, 19, 23, 32, 15, 12, 21, 27, 38, 29, 20, 17, 35, 6, 33, 16, 0, 37, 5, 8, 1, 31, 7, 22, 13, 4, 9, 18, 36, 10, 30, 24, 25, 28]
Iter:0000train_loss=0.02115
Epoch: 0017
Batch nodes: [30, 10, 34, 31, 21, 20, 17, 36, 15, 9, 7, 28, 26, 14, 38, 35, 2, 8, 27, 12, 22, 16, 6, 5, 0, 29, 3, 18, 19, 25, 33, 37, 11, 4, 24, 23, 32, 1, 13]
Iter:0000train_loss=0.02196
Epoch: 0018
Batch nodes: [15, 29, 18, 37, 13, 33, 28, 23, 8, 10, 0, 2, 32, 17, 11, 26, 27, 1, 22, 31, 24, 34, 21, 5, 20, 6, 4, 35, 38, 19, 25, 12, 9, 14, 16, 30, 7, 36, 3]
Iter:0000train_loss=0.02229
Epoch: 0019
Batch nodes: [23, 34, 25, 36, 21, 27, 30, 37, 32, 13, 6, 31, 0, 14, 22, 17, 11, 2, 33, 5, 12, 16, 20, 8, 7, 3, 15, 18, 9, 19, 24, 28, 10, 29, 38, 1, 26, 35, 4]
Iter:0000train_loss=0.02126
Epoch: 0020
Batch nodes: [33, 0, 15, 9, 25, 35, 14, 38, 16, 37, 13, 21, 34, 20, 31, 22, 5, 29, 36, 19, 24, 23, 30, 7, 27, 26, 2, 11, 18, 17, 1, 4, 6, 10, 12, 32, 28, 8, 3]
Iter:0000train_loss=0.01974
Epoch: 0021
Batch nodes: [33, 9, 38, 15, 8, 37, 29, 14, 20, 12, 21, 25, 28, 36, 6, 26, 10, 27, 19, 11, 30, 32, 0, 5, 13, 17, 16, 1, 23, 3, 31, 34, 18, 22, 7, 2, 24, 4, 35]
Iter:0000train_loss=0.01874
Epoch: 0022
Batch nodes: [33, 0, 1, 27, 37, 32, 13, 34, 3, 14, 29, 10, 38, 28, 23, 25, 15, 8, 16, 19, 30, 17, 21, 20, 7, 26, 9, 36, 5, 12, 24, 18, 35, 11, 22, 2, 6, 4, 31]
Iter:0000train_loss=0.01794
Epoch: 0023
Batch nodes: [14, 7, 22, 28, 26, 23, 27, 10, 13, 29, 11, 17, 31, 8, 1, 3, 25, 18, 9, 12, 16, 0, 35, 6, 32, 38, 21, 4, 30, 37, 15, 34, 2, 33, 20, 5, 24, 36, 19]
Iter:0000train_loss=0.01713
Epoch: 0024
Batch nodes: [30, 21, 13, 38, 35, 10, 26, 0, 33, 29, 16, 27, 17, 14, 5, 19, 8, 32, 2, 24, 25, 37, 20, 28, 1, 6, 18, 4, 22, 23, 34, 11, 36, 15, 31, 7, 3, 12, 9]
Iter:0000train_loss=0.01664
Epoch: 0025
Batch nodes: [20, 33, 5, 37, 17, 2, 18, 38, 21, 12, 0, 7, 22, 9, 25, 29, 27, 19, 11, 4, 35, 10, 6, 13, 31, 24, 16, 34, 15, 8, 3, 32, 1, 23, 36, 28, 26, 14, 30]
Iter:0000train_loss=0.01672
Epoch: 0026
Batch nodes: [3, 13, 30, 20, 31, 25, 16, 15, 7, 32, 0, 19, 9, 27, 24, 12, 21, 17, 1, 14, 35, 4, 10, 6, 18, 33, 37, 5, 11, 28, 38, 22, 34, 29, 8, 23, 36, 2, 26]
Iter:0000train_loss=0.01679
Epoch: 0027
Batch nodes: [20, 4, 23, 11, 26, 22, 8, 2, 38, 35, 7, 1, 14, 24, 6, 18, 28, 31, 34, 3, 12, 33, 21, 16, 17, 0, 30, 27, 10, 25, 9, 37, 13, 29, 36, 32, 15, 5, 19]
Iter:0000train_loss=0.01735
Epoch: 0028
Batch nodes: [34, 10, 23, 13, 24, 2, 28, 31, 14, 21, 3, 33, 29, 20, 37, 7, 18, 22, 1, 12, 15, 19, 38, 27, 0, 11, 8, 16, 30, 26, 32, 4, 36, 6, 9, 17, 5, 25, 35]
Iter:0000train_loss=0.01797
Epoch: 0029
Batch nodes: [30, 18, 12, 6, 33, 13, 16, 22, 1, 0, 36, 8, 31, 38, 9, 4, 11, 27, 17, 23, 7, 3, 14, 15, 25, 34, 28, 24, 26, 32, 37, 20, 35, 21, 10, 19, 2, 5, 29]
Iter:0000train_loss=0.01764
Epoch: 0030
Batch nodes: [6, 3, 38, 19, 15, 34, 24, 17, 0, 1, 29, 16, 12, 32, 26, 22, 36, 7, 14, 25, 4, 13, 20, 33, 21, 30, 23, 8, 5, 18, 37, 10, 35, 9, 2, 31, 28, 11, 27]
Iter:0000train_loss=0.01716
Epoch: 0031
Batch nodes: [33, 5, 38, 11, 28, 20, 7, 18, 10, 22, 0, 32, 36, 13, 29, 27, 14, 37, 21, 9, 12, 35, 31, 25, 30, 3, 26, 4, 24, 6, 1, 16, 17, 34, 8, 2, 15, 23, 19]
Iter:0000train_loss=0.01693
Epoch: 0032
Batch nodes: [28, 26, 15, 2, 32, 36, 23, 13, 3, 24, 1, 5, 17, 18, 22, 16, 30, 19, 4, 37, 0, 21, 35, 34, 6, 11, 31, 27, 9, 20, 10, 14, 25, 8, 33, 7, 29, 12, 38]
Iter:0000train_loss=0.01671
Epoch: 0033
Batch nodes: [32, 33, 31, 9, 24, 6, 35, 0, 38, 10, 11, 30, 28, 22, 7, 13, 16, 36, 37, 25, 20, 17, 21, 19, 2, 18, 15, 27, 8, 12, 5, 4, 14, 23, 3, 1, 29, 26, 34]
Iter:0000train_loss=0.01636
Epoch: 0034
Batch nodes: [24, 21, 34, 12, 15, 11, 22, 29, 26, 30, 7, 37, 36, 16, 25, 14, 31, 18, 38, 2, 4, 1, 10, 20, 28, 6, 9, 32, 3, 19, 33, 23, 13, 27, 8, 17, 0, 35, 5]
Iter:0000train_loss=0.01604
Epoch: 0035
Batch nodes: [22, 15, 35, 19, 10, 6, 4, 13, 17, 12, 37, 8, 34, 27, 16, 3, 31, 32, 5, 30, 26, 18, 33, 20, 2, 1, 29, 0, 36, 25, 21, 9, 24, 28, 11, 38, 7, 23, 14]
Iter:0000train_loss=0.01599
Epoch: 0036
Batch nodes: [0, 26, 7, 5, 22, 17, 11, 3, 8, 14, 25, 1, 18, 28, 38, 33, 2, 16, 34, 32, 27, 24, 6, 15, 9, 36, 19, 30, 4, 10, 21, 29, 31, 12, 35, 23, 13, 20, 37]
Iter:0000train_loss=0.01603
Epoch: 0037
Batch nodes: [0, 18, 19, 38, 13, 28, 12, 17, 6, 26, 22, 20, 16, 34, 29, 37, 7, 23, 31, 25, 14, 21, 15, 9, 33, 10, 35, 30, 1, 8, 4, 36, 5, 3, 2, 27, 11, 32, 24]
Iter:0000train_loss=0.01592
Epoch: 0038
Batch nodes: [5, 30, 9, 32, 19, 37, 15, 8, 31, 17, 26, 25, 10, 7, 1, 23, 33, 3, 20, 11, 29, 13, 6, 24, 18, 38, 27, 12, 28, 35, 22, 14, 0, 34, 2, 16, 4, 36, 21]
Iter:0000train_loss=0.01563
Epoch: 0039
Batch nodes: [13, 27, 14, 12, 9, 17, 8, 15, 37, 21, 4, 18, 33, 22, 23, 5, 1, 2, 38, 35, 24, 32, 11, 36, 26, 7, 10, 31, 34, 16, 25, 19, 30, 6, 29, 20, 3, 0, 28]
Iter:0000train_loss=0.01535
Epoch: 0040
Batch nodes: [5, 3, 24, 35, 6, 20, 7, 10, 33, 15, 12, 18, 29, 26, 4, 17, 30, 32, 25, 19, 11, 13, 8, 27, 23, 2, 34, 22, 0, 1, 31, 16, 36, 9, 14, 21, 28, 37, 38]
Iter:0000train_loss=0.01499
Epoch: 0041
Batch nodes: [1, 36, 3, 23, 30, 9, 0, 25, 14, 22, 20, 37, 7, 17, 26, 4, 35, 10, 5, 31, 32, 13, 11, 33, 12, 15, 8, 2, 6, 18, 29, 34, 24, 28, 19, 27, 38, 16, 21]
Iter:0000train_loss=0.01460
Epoch: 0042
Batch nodes: [5, 17, 6, 16, 33, 8, 27, 31, 15, 38, 2, 13, 37, 14, 4, 32, 3, 12, 22, 23, 29, 34, 28, 0, 18, 7, 9, 30, 24, 1, 36, 26, 21, 25, 11, 19, 20, 10, 35]
Iter:0000train_loss=0.01458
Epoch: 0043
Batch nodes: [3, 27, 11, 9, 37, 32, 19, 14, 10, 15, 33, 29, 4, 16, 23, 24, 34, 20, 13, 21, 5, 31, 26, 1, 30, 0, 36, 17, 8, 35, 38, 6, 22, 25, 12, 18, 28, 2, 7]
Iter:0000train_loss=0.01434
Epoch: 0044
Batch nodes: [38, 35, 2, 22, 30, 29, 19, 0, 31, 27, 36, 12, 8, 25, 34, 18, 26, 33, 32, 14, 4, 1, 20, 5, 13, 28, 21, 9, 11, 17, 16, 15, 24, 7, 37, 6, 3, 10, 23]
Iter:0000train_loss=0.01439
Epoch: 0045
Batch nodes: [9, 11, 29, 38, 20, 33, 16, 26, 1, 22, 4, 30, 8, 37, 28, 32, 15, 34, 17, 25, 14, 27, 10, 0, 35, 31, 5, 24, 12, 18, 3, 13, 36, 2, 21, 7, 23, 6, 19]
Iter:0000train_loss=0.01426
Epoch: 0046
Batch nodes: [4, 23, 26, 18, 0, 32, 14, 12, 22, 28, 17, 20, 16, 35, 25, 19, 2, 1, 7, 15, 36, 5, 33, 6, 37, 9, 27, 21, 29, 38, 10, 13, 11, 8, 30, 34, 3, 31, 24]
Iter:0000train_loss=0.01404
Epoch: 0047
Batch nodes: [13, 2, 0, 19, 17, 1, 8, 38, 6, 9, 14, 32, 24, 35, 33, 3, 30, 26, 36, 31, 28, 10, 34, 16, 11, 5, 12, 27, 23, 25, 37, 22, 18, 20, 7, 21, 29, 15, 4]
Iter:0000train_loss=0.01384
Epoch: 0048
Batch nodes: [31, 9, 8, 17, 5, 26, 37, 27, 3, 38, 11, 1, 22, 23, 16, 33, 7, 19, 36, 32, 4, 20, 34, 29, 30, 12, 21, 10, 28, 24, 13, 15, 2, 18, 6, 25, 35, 0, 14]
Iter:0000train_loss=0.01355
Epoch: 0049
Batch nodes: [36, 16, 27, 1, 31, 32, 15, 20, 10, 25, 37, 29, 21, 34, 7, 14, 18, 9, 13, 19, 11, 30, 24, 26, 5, 8, 2, 3, 28, 0, 22, 33, 6, 4, 12, 38, 23, 35, 17]
Iter:0000train_loss=0.01348
Epoch: 0050
Batch nodes: [36, 15, 10, 34, 8, 31, 29, 27, 13, 12, 23, 5, 6, 28, 7, 35, 2, 20, 26, 9, 24, 21, 11, 25, 22, 32, 17, 33, 38, 14, 19, 16, 1, 18, 0, 37, 30, 4, 3]
Iter:0000train_loss=0.01323
Epoch: 0051
Batch nodes: [23, 34, 13, 18, 32, 25, 30, 3, 24, 7, 26, 0, 37, 11, 9, 20, 5, 36, 2, 6, 15, 19, 27, 29, 17, 12, 28, 22, 16, 33, 21, 38, 14, 10, 31, 35, 8, 4, 1]
Iter:0000train_loss=0.01290
Epoch: 0052
Batch nodes: [19, 20, 21, 34, 2, 15, 11, 24, 25, 10, 7, 31, 28, 8, 38, 12, 35, 17, 16, 18, 30, 33, 36, 9, 4, 23, 0, 26, 22, 3, 27, 14, 5, 13, 32, 37, 29, 6, 1]
Iter:0000train_loss=0.01270
Epoch: 0053
Batch nodes: [13, 32, 37, 11, 22, 29, 21, 27, 26, 28, 15, 36, 10, 25, 18, 12, 9, 24, 19, 31, 33, 35, 5, 16, 38, 20, 2, 7, 6, 23, 4, 1, 17, 30, 8, 0, 34, 3, 14]
Iter:0000train_loss=0.01263
Epoch: 0054
Batch nodes: [3, 1, 4, 34, 16, 25, 10, 2, 32, 31, 17, 7, 19, 6, 38, 24, 21, 14, 12, 36, 20, 15, 33, 9, 11, 26, 29, 37, 8, 30, 35, 27, 18, 13, 23, 28, 0, 5, 22]
Iter:0000train_loss=0.01226
Epoch: 0055
Batch nodes: [3, 9, 10, 2, 38, 20, 36, 33, 27, 4, 6, 24, 25, 32, 37, 30, 21, 13, 16, 8, 28, 22, 26, 11, 17, 14, 18, 34, 0, 29, 31, 35, 1, 19, 12, 15, 7, 23, 5]
Iter:0000train_loss=0.01243
Epoch: 0056
Batch nodes: [7, 25, 3, 20, 30, 34, 14, 5, 18, 23, 2, 8, 31, 11, 10, 38, 32, 37, 17, 12, 0, 27, 24, 36, 4, 1, 33, 16, 21, 22, 15, 26, 6, 35, 29, 9, 13, 19, 28]
Iter:0000train_loss=0.01205
Epoch: 0057
Batch nodes: [36, 26, 23, 38, 32, 20, 2, 13, 34, 24, 8, 12, 16, 7, 17, 30, 21, 1, 25, 18, 19, 29, 22, 4, 3, 35, 28, 5, 0, 15, 14, 9, 33, 6, 27, 11, 31, 37, 10]
Iter:0000train_loss=0.01253
Epoch: 0058
Batch nodes: [25, 4, 21, 24, 16, 5, 7, 27, 20, 8, 11, 2, 17, 0, 14, 12, 35, 32, 6, 28, 36, 31, 34, 23, 38, 29, 10, 26, 22, 19, 30, 3, 37, 1, 9, 18, 33, 13, 15]
Iter:0000train_loss=0.01176
Epoch: 0059
Batch nodes: [36, 5, 15, 38, 13, 18, 7, 21, 25, 0, 28, 30, 29, 20, 1, 8, 37, 24, 27, 26, 33, 32, 14, 17, 19, 35, 23, 34, 16, 31, 12, 3, 22, 6, 4, 9, 10, 11, 2]
Iter:0000train_loss=0.01205
Epoch: 0060
Batch nodes: [25, 7, 38, 2, 31, 6, 28, 35, 30, 3, 37, 14, 21, 17, 5, 8, 10, 34, 12, 0, 24, 32, 33, 36, 4, 23, 29, 15, 19, 9, 13, 16, 26, 1, 22, 18, 27, 11, 20]
Iter:0000train_loss=0.01165
Epoch: 0061
Batch nodes: [4, 29, 16, 26, 9, 37, 11, 25, 14, 33, 1, 10, 12, 35, 36, 20, 5, 31, 3, 13, 2, 17, 0, 30, 19, 24, 38, 27, 6, 15, 22, 23, 21, 32, 34, 8, 7, 18, 28]
Iter:0000train_loss=0.01185
Epoch: 0062
Batch nodes: [15, 10, 17, 32, 33, 24, 31, 35, 7, 27, 9, 19, 12, 36, 29, 21, 38, 13, 4, 6, 14, 1, 3, 37, 28, 0, 26, 20, 25, 23, 22, 34, 8, 11, 2, 30, 16, 18, 5]
Iter:0000train_loss=0.01180
Epoch: 0063
Batch nodes: [2, 30, 5, 23, 12, 18, 11, 21, 20, 19, 24, 16, 22, 29, 26, 3, 8, 27, 10, 32, 9, 36, 31, 34, 25, 37, 38, 17, 14, 1, 15, 0, 4, 35, 7, 28, 13, 33, 6]
Iter:0000train_loss=0.01113
Epoch: 0064
Batch nodes: [33, 26, 2, 4, 8, 38, 0, 29, 34, 23, 6, 27, 22, 17, 12, 32, 11, 36, 19, 3, 30, 24, 14, 28, 31, 18, 7, 15, 20, 9, 37, 13, 5, 10, 35, 16, 1, 21, 25]
Iter:0000train_loss=0.01144
Epoch: 0065
Batch nodes: [0, 1, 38, 3, 4, 15, 13, 30, 35, 5, 33, 16, 8, 14, 18, 20, 10, 2, 12, 6, 23, 26, 37, 31, 17, 19, 11, 32, 27, 9, 28, 21, 22, 7, 34, 29, 25, 36, 24]
Iter:0000train_loss=0.01100
Epoch: 0066
Batch nodes: [6, 29, 21, 34, 14, 32, 10, 1, 28, 22, 17, 38, 37, 27, 19, 13, 30, 0, 23, 7, 4, 5, 3, 2, 12, 9, 26, 24, 25, 11, 15, 16, 20, 36, 31, 35, 18, 33, 8]
Iter:0000train_loss=0.01074
Epoch: 0067
Batch nodes: [7, 6, 33, 11, 18, 5, 36, 13, 17, 14, 12, 19, 2, 37, 16, 24, 10, 26, 30, 35, 20, 9, 22, 8, 32, 38, 4, 0, 25, 34, 3, 27, 28, 31, 23, 21, 1, 15, 29]
Iter:0000train_loss=0.01068
Epoch: 0068
Batch nodes: [20, 7, 35, 22, 11, 5, 25, 34, 24, 30, 3, 23, 31, 19, 4, 12, 28, 0, 16, 2, 10, 29, 14, 36, 21, 32, 9, 26, 13, 17, 33, 38, 6, 18, 8, 15, 37, 1, 27]
Iter:0000train_loss=0.01024
Epoch: 0069
Batch nodes: [24, 27, 5, 20, 10, 7, 14, 30, 19, 13, 22, 11, 34, 3, 6, 29, 37, 35, 25, 16, 0, 32, 28, 2, 23, 15, 17, 38, 8, 26, 31, 36, 33, 18, 1, 9, 21, 4, 12]
Iter:0000train_loss=0.01021
Epoch: 0070
Batch nodes: [21, 24, 5, 35, 14, 33, 20, 13, 18, 38, 27, 30, 8, 36, 10, 25, 37, 23, 4, 17, 31, 12, 26, 15, 0, 3, 9, 19, 22, 11, 29, 34, 16, 2, 7, 6, 1, 32, 28]
Iter:0000train_loss=0.00963
Epoch: 0071
Batch nodes: [20, 5, 30, 4, 2, 23, 34, 36, 7, 6, 8, 1, 15, 0, 31, 29, 25, 18, 17, 37, 21, 38, 26, 28, 19, 10, 12, 9, 3, 27, 16, 33, 11, 24, 14, 22, 35, 13, 32]
Iter:0000train_loss=0.00993
Epoch: 0072
Batch nodes: [16, 9, 24, 0, 5, 14, 29, 36, 37, 33, 12, 25, 10, 27, 30, 32, 17, 7, 4, 28, 34, 1, 6, 38, 31, 8, 23, 26, 35, 11, 21, 2, 22, 13, 3, 15, 18, 20, 19]
Iter:0000train_loss=0.00909
Epoch: 0073
Batch nodes: [31, 17, 32, 35, 22, 21, 9, 5, 8, 30, 1, 27, 2, 11, 23, 12, 3, 14, 7, 34, 29, 26, 28, 20, 36, 37, 16, 38, 6, 18, 33, 4, 19, 10, 15, 25, 0, 13, 24]
Iter:0000train_loss=0.00930
Epoch: 0074
Batch nodes: [0, 30, 29, 26, 21, 1, 13, 25, 15, 6, 32, 31, 28, 23, 12, 8, 19, 14, 5, 33, 17, 38, 20, 24, 27, 34, 16, 36, 9, 7, 3, 37, 10, 2, 4, 22, 11, 35, 18]
Iter:0000train_loss=0.00876
Epoch: 0075
Batch nodes: [31, 6, 17, 23, 18, 25, 22, 27, 33, 10, 36, 20, 38, 26, 32, 15, 16, 35, 14, 9, 29, 30, 21, 34, 5, 4, 28, 37, 8, 11, 19, 3, 0, 24, 12, 7, 2, 1, 13]
Iter:0000train_loss=0.00840
Epoch: 0076
Batch nodes: [10, 37, 27, 34, 11, 32, 7, 17, 29, 31, 25, 21, 0, 5, 23, 30, 22, 4, 26, 8, 2, 36, 3, 35, 14, 20, 1, 38, 28, 18, 6, 9, 24, 15, 13, 19, 16, 12, 33]
Iter:0000train_loss=0.00847
Epoch: 0077
Batch nodes: [33, 5, 37, 8, 26, 14, 21, 15, 34, 18, 31, 30, 25, 6, 32, 22, 0, 4, 29, 12, 23, 28, 13, 35, 20, 3, 17, 36, 24, 10, 27, 7, 38, 19, 16, 9, 2, 11, 1]
Iter:0000train_loss=0.00775
Epoch: 0078
Batch nodes: [20, 18, 1, 13, 33, 31, 9, 12, 14, 21, 35, 19, 38, 34, 0, 36, 24, 25, 16, 11, 3, 17, 6, 37, 23, 2, 10, 5, 28, 22, 30, 32, 26, 7, 15, 8, 29, 27, 4]
Iter:0000train_loss=0.00796
Epoch: 0079
Batch nodes: [25, 16, 14, 10, 35, 6, 19, 13, 36, 30, 28, 2, 8, 0, 34, 27, 26, 11, 23, 21, 24, 3, 37, 1, 33, 5, 7, 9, 20, 12, 38, 31, 22, 32, 15, 4, 17, 29, 18]
Iter:0000train_loss=0.00721
Epoch: 0080
Batch nodes: [16, 24, 12, 20, 1, 18, 0, 9, 32, 25, 33, 29, 23, 37, 26, 30, 35, 7, 27, 6, 11, 22, 13, 36, 21, 14, 31, 5, 19, 17, 38, 8, 28, 2, 34, 3, 15, 10, 4]
Iter:0000train_loss=0.00732
Epoch: 0081
Batch nodes: [23, 36, 32, 22, 15, 20, 7, 18, 10, 13, 12, 28, 2, 14, 29, 37, 38, 27, 6, 16, 4, 9, 26, 0, 17, 1, 30, 21, 34, 31, 24, 33, 8, 19, 5, 11, 25, 35, 3]
Iter:0000train_loss=0.00672
Epoch: 0082
Batch nodes: [1, 10, 20, 24, 33, 31, 7, 23, 37, 35, 5, 36, 12, 9, 38, 26, 29, 14, 27, 32, 16, 11, 8, 6, 28, 0, 15, 22, 25, 21, 4, 34, 18, 30, 19, 13, 2, 17, 3]
Iter:0000train_loss=0.00690
Epoch: 0083
Batch nodes: [23, 13, 24, 14, 26, 28, 5, 18, 8, 15, 36, 9, 22, 11, 1, 31, 38, 32, 25, 3, 19, 6, 37, 0, 10, 17, 2, 29, 20, 30, 34, 16, 21, 4, 33, 7, 12, 27, 35]
Iter:0000train_loss=0.00676
Epoch: 0084
Batch nodes: [2, 18, 8, 30, 14, 26, 10, 6, 37, 21, 28, 22, 3, 4, 33, 25, 19, 12, 36, 20, 0, 34, 27, 11, 32, 31, 7, 16, 1, 38, 17, 9, 5, 35, 29, 13, 23, 24, 15]
Iter:0000train_loss=0.00571
Epoch: 0085
Batch nodes: [29, 21, 8, 16, 33, 5, 11, 30, 12, 32, 28, 20, 13, 38, 3, 34, 2, 9, 17, 4, 18, 31, 36, 14, 10, 35, 22, 27, 7, 23, 19, 15, 25, 37, 24, 26, 6, 0, 1]
Iter:0000train_loss=0.00634
Epoch: 0086
Batch nodes: [0, 17, 22, 36, 5, 30, 18, 3, 8, 21, 13, 9, 37, 32, 23, 20, 16, 25, 7, 15, 38, 24, 19, 28, 14, 29, 2, 27, 6, 10, 35, 26, 4, 34, 33, 12, 11, 31, 1]
Iter:0000train_loss=0.00582
Epoch: 0087
Batch nodes: [26, 8, 9, 32, 21, 35, 12, 11, 34, 6, 15, 31, 24, 18, 16, 38, 10, 14, 13, 22, 27, 30, 36, 0, 3, 2, 7, 23, 1, 28, 5, 29, 37, 20, 17, 4, 25, 19, 33]
Iter:0000train_loss=0.00551
Epoch: 0088
Batch nodes: [2, 12, 11, 7, 35, 22, 32, 31, 4, 1, 9, 28, 23, 29, 20, 36, 6, 14, 21, 8, 34, 38, 26, 15, 27, 16, 17, 18, 19, 25, 33, 0, 10, 24, 5, 37, 3, 30, 13]
Iter:0000train_loss=0.00590
Epoch: 0089
Batch nodes: [14, 21, 30, 9, 20, 38, 1, 11, 27, 4, 6, 7, 25, 29, 23, 16, 15, 34, 33, 35, 8, 32, 36, 37, 0, 26, 13, 22, 28, 19, 5, 2, 3, 24, 17, 31, 12, 18, 10]
Iter:0000train_loss=0.00530
Epoch: 0090
Batch nodes: [14, 33, 2, 23, 38, 22, 24, 27, 16, 12, 10, 11, 15, 1, 6, 32, 18, 29, 25, 37, 13, 30, 17, 26, 4, 3, 5, 20, 35, 8, 19, 28, 34, 0, 9, 7, 21, 36, 31]
Iter:0000train_loss=0.00523
Epoch: 0091
Batch nodes: [33, 2, 38, 19, 23, 17, 10, 5, 7, 9, 24, 36, 15, 22, 27, 21, 28, 6, 0, 30, 34, 29, 4, 37, 25, 11, 16, 35, 8, 20, 14, 13, 1, 32, 31, 12, 18, 26, 3]
Iter:0000train_loss=0.00481
Epoch: 0092
Batch nodes: [17, 22, 20, 11, 0, 18, 4, 37, 1, 34, 29, 5, 14, 2, 10, 32, 13, 33, 35, 27, 19, 3, 16, 36, 12, 23, 9, 8, 6, 38, 21, 15, 7, 28, 24, 25, 30, 26, 31]
Iter:0000train_loss=0.00489
Epoch: 0093
Batch nodes: [35, 29, 10, 18, 24, 21, 38, 16, 31, 26, 22, 30, 0, 8, 4, 34, 12, 28, 33, 1, 25, 19, 2, 23, 17, 13, 7, 5, 32, 37, 3, 36, 27, 15, 14, 11, 6, 9, 20]
Iter:0000train_loss=0.00461
Epoch: 0094
Batch nodes: [9, 31, 22, 3, 30, 1, 28, 17, 19, 0, 33, 23, 29, 32, 24, 15, 4, 14, 11, 38, 5, 21, 26, 37, 8, 27, 7, 10, 25, 13, 34, 20, 6, 18, 16, 36, 2, 35, 12]
Iter:0000train_loss=0.00454
Epoch: 0095
Batch nodes: [35, 31, 6, 24, 2, 34, 20, 23, 7, 17, 21, 29, 10, 12, 22, 28, 11, 33, 8, 5, 4, 3, 13, 16, 9, 18, 27, 0, 32, 15, 30, 37, 26, 14, 19, 38, 1, 36, 25]
Iter:0000train_loss=0.00448
Epoch: 0096
Batch nodes: [11, 19, 3, 14, 29, 26, 13, 17, 24, 30, 35, 6, 7, 38, 0, 5, 1, 21, 27, 33, 16, 2, 4, 32, 28, 23, 12, 9, 8, 34, 10, 31, 36, 25, 37, 18, 20, 15, 22]
Iter:0000train_loss=0.00398
Epoch: 0097
Batch nodes: [29, 16, 37, 38, 35, 3, 21, 24, 9, 33, 31, 14, 25, 0, 34, 8, 6, 26, 28, 30, 32, 12, 7, 10, 17, 11, 15, 5, 2, 23, 1, 13, 18, 22, 27, 19, 20, 36, 4]
Iter:0000train_loss=0.00422
Epoch: 0098
Batch nodes: [19, 17, 26, 5, 0, 36, 16, 34, 18, 9, 20, 22, 35, 33, 6, 21, 2, 28, 12, 24, 27, 11, 7, 25, 15, 4, 14, 30, 13, 8, 38, 10, 37, 1, 31, 3, 23, 32, 29]
Iter:0000train_loss=0.00400
Epoch: 0099
Batch nodes: [6, 5, 0, 4, 22, 11, 20, 31, 18, 30, 3, 27, 17, 21, 7, 34, 23, 1, 33, 15, 19, 25, 26, 10, 35, 24, 12, 16, 8, 38, 14, 32, 29, 2, 13, 28, 37, 36, 9]
Iter:0000train_loss=0.00379
Epoch: 0100
Batch nodes: [11, 1, 37, 17, 25, 12, 29, 10, 4, 6, 7, 23, 38, 33, 13, 34, 0, 19, 32, 15, 20, 36, 24, 30, 3, 14, 27, 18, 31, 28, 8, 35, 5, 2, 26, 16, 21, 22, 9]
Iter:0000train_loss=0.00363
